161,4
161,3
161,2
161,1
161,0
159,4
159,3
159,2
159,1
159,0
157,3
157,2
157,1
157,0
155,4
155,3
155,2
155,1
155,0
153,7
153,6
153,5
153,4
153,3
153,2
153,1
153,0
151,4
151,3
151,2
151,1
10,189
10,71
10,241
10,91
10,25
10,287
10,281
151,0
149,4
149,3
149,2
149,1
149,0
147,4
147,3
147,2
147,1
10,83
0,513
147,0
145,4
145,3
145,2
145,1
145,0
143,4
143,3
143,2
143,1
9,5
9,2
9,3
8,7
8,13
8,14
8,15
8,5
8,2
8,3
143,0
56,3
56,1
11,28
11,27
11,26
11,25
11,24
11,23
11,22
11,21
11,20
11,19
11,18
11,17
11,16
11,15
11,14
11,13
11,12
11,11
11,10
11,9
11,8
12,2
12,1
12,3
11,7
11,6
11,4
11,3
11,2
11,1
10,295
20,2
20,1
20,3
10,276
19,2
19,1
19,3
10,274
10,272
10,261
10,259
10,256
10,225
10,214
10,203
10,201
10,188
